 Desc 
782
748
729
738
734
689
741
707
718
714
705
700
707
730
705
 Desc 
2883
2798
2801
2785
2820
2796
2866
2798
2798
2880
2800
2859
2799
3065
2787
 Desc 
6278
6288
6281
6293
6281
6273
6287
6299
6273
6274
6339
6282
6274
6280
6278
 Desc 
11227
11219
11231
11264
11219
11246
11232
11248
11504
11227
11235
11269
11225
11222
11219
 Desc 
17455
17452
17442
17481
17470
17434
17440
17439
17923
17440
17443
17417
18638
18175
17458
 Desc 
25493
25595
25223
25221
25181
25185
25218
25195
25240
25207
25236
25493
25465
25351
25215
 Desc 
45431
45452
44868
45110
44815
45246
44892
45352
44936
45005
45175
44834
44910
44927
45048
 Desc 
70166
70481
70367
70347
70592
70574
70444
70350
70676
70463
70210
69924
70452
70125
70485
