 Desc 
3261
3185
3092
3115
2929
2932
2914
2928
3001
2908
3158
2930
2949
3579
2952
 Desc 
3198
3400
3213
3317
3742
3337
3381
3194
3496
3227
3402
3640
3209
3185
3394
 Desc 
3785
4748
3778
4023
5681
3918
3808
4510
3785
3913
3830
4187
3892
3985
4847
 Desc 
5676
5692
5649
6079
6535
5939
5663
5943
5622
5868
6027
6555
5655
5884
5661
 Desc 
7823
8737
7831
7825
7779
7791
7905
7900
7814
7845
8123
7883
7824
8016
7897
 Desc 
9659
9885
10030
9661
9758
9659
9637
9617
9686
9652
9951
9709
9655
9804
9700
 Desc 
14449
14344
14818
13566
14390
14279
14242
14673
14174
14596
14411
14267
14889
14774
14328
 Desc 
20284
19974
19872
19862
19969
19872
19865
20076
20176
20377
20504
20276
19459
20183
20191
